1.4324
1.4413
1.4365
1.4408
1.4308
1.4409
1.4513
1.4486
1.451
1.4499
1.4387
1.4384
1.4288
1.4106
1.4084
1.4139
1.4151
1.4072
1.4024
1.3971
1.3863
1.3931
1.3964
1.3893
1.3723
1.3678
1.3649
1.3797
1.3737
1.3693
1.3632
1.3598
1.377
1.3607
1.3527
1.3613
1.3596
1.3507
1.3538
1.3548
1.3631
1.356
1.3615
1.3697
1.3581
1.3626
1.3634
1.3602
1.3657
1.3681
1.3769
1.3677
1.3766
1.3738
1.3608
1.353
1.3558
1.3499
1.3315
1.3273
1.341
1.3483
1.3414
1.351
1.3589
1.3504
1.3484
1.3399
1.3344
1.3361
1.35
1.3592
1.3614
1.3653
1.3573
1.3503
1.3489
1.3435
1.339
1.3295
1.3384
1.3383
1.3175
1.3221
1.3233
1.3294
1.3195
1.2987
1.2814
1.262
1.2755
1.2787
1.2662
1.2614
1.2535
1.2358
1.2395
1.2202
1.2415
1.2487
1.257
1.2372
1.2345
1.2178
1.2362
1.2273
1.2306
1.2229
1.2249
1.2163
1.1967
1.1923
1.1973
1.1979
1.2124
1.2112
1.2221
1.2332
1.2311
1.2389
1.2388
1.2312
1.2271
1.2311
1.2333
1.2369
1.2277
1.2188
1.2238
1.2527
1.2566
1.2538
1.2626
1.2638
1.2698
1.2641
1.2596
1.2724
1.2743
1.295
1.293
1.2942
1.288
1.2754
1.2893
1.2909
1.2994
1.2996
1.2995
1.3079
1.3052
1.3179
1.3231
1.3161
1.3189
1.328
1.3222
1.3177
1.2863
1.2829
1.2754
1.2827
1.2885
1.2853
1.2823
1.2712
1.2657
1.2627
1.2659
1.2716
1.2763
1.2663
1.268
1.2809
1.2826
1.2896
1.2876
1.2682
1.272
1.2696
1.2679
1.2883
1.2998
1.3011
1.3078
1.305
1.3061
1.3264
1.3406
1.3314
1.3492
1.3455
1.3585
1.3627
1.3634
1.3791
1.3685
1.3839
1.393
1.3926
1.3939
1.3876
1.3925
1.3961
1.4084
1.3977
1.3934
1.3727
1.3964
1.392
1.3954
1.3965
1.3859
1.3769
1.393
1.3947
1.3893
1.4034
1.4139
1.4207
1.4032
1.392
1.3773
1.3783
1.3667
1.3691
1.3587
1.3489
1.3529
1.3643
1.3673
1.3627
1.3367
1.3335
1.336
1.3242
1.3125
1.2983
1.3139
1.3209
1.3414
1.3308
1.3261
1.3262
1.3239
1.3226
1.3391
1.3378
1.3214
1.3244
1.3188
1.3131
1.31
1.31
1.3114
1.3122
1.3165
1.3115
1.3225
1.3291
1.3384
1.3361
1.3308
1.3149
1.3003
1.2907
1.2951
1.2974
1.3131
1.3364
1.3388
1.3294
1.3387
1.3473
1.3473
1.3621
1.3638
1.3681
1.3713
1.3734
1.3611
1.3694
1.3829
1.3811
1.3634
1.3581
1.3583
1.3625
1.3733
1.3603
1.3554
1.3489
1.3487
1.3569
1.3609
1.3693
1.3678
1.365
1.3749
1.38
1.3754
1.3806
1.3777
1.3866
1.3969
1.3987
1.3968
1.3905
1.3909
1.3798
1.3903
1.3992
1.3998
1.39
1.4021
1.4182
1.4226
1.4196
1.4088
1.4177
1.4088
1.4087
1.4113
1.4127
1.4158
1.4237
1.4221
1.4223
1.4331
1.4308
1.4483
1.4436
1.4477
1.4443
1.4488
1.443
1.4235
1.4335
1.4523
1.4552
1.4561
1.4582
1.4644
1.4788
1.4822
1.4807
1.483
1.4825
1.4827
1.4539
1.4316
1.4365
1.4409
1.4192
1.4246
1.4119
1.4156
1.4237
1.425
1.4309
1.4161
1.4048
1.41
1.4088
1.4145
1.4319
1.4282
1.4396
1.4328
1.4491
1.4635
1.4576
1.4691
1.4583
1.451
1.4347
1.4413
1.444
1.4181
1.4204
1.4306
1.4304
1.4412
1.4357
1.4256
1.4188
1.4287
1.4371
1.4435
1.4502
1.4526
1.4539
1.4429
1.4319
1.4364
1.4265
1.4029
1.3976
1.4167
1.4143
1.4157
1.4112
1.4156
1.4215
1.4425
1.436
1.4377
1.4511
1.4369
1.4334
1.4398
1.425
1.4203
1.4323
1.4092
1.4282
1.4179
1.4376
1.4178
1.4241
1.4248
1.4445
1.4407
1.4426
1.4333
1.4397
1.4358
1.4442
1.4414
1.4379
1.4499
1.4511
1.4441
1.4369
1.4259
1.4205
1.4098
1.3998
1.4098
1.3882
1.3656
1.3679
1.3678
1.3755
1.3877
1.3796
1.3686
1.3702
1.3573
1.3465
1.35
1.3533
1.3585
1.3543
1.3597
1.3387
1.3176
1.3349
1.3348
1.3437
1.3378
1.3642
1.364
1.3791
1.3777
1.3882
1.3737
1.3752
1.376
1.378
1.3896
1.3929
1.3908
1.3906
1.4189
1.4147
1.3858
1.3703
1.3747
1.3823
1.3792
1.3776
1.3834
1.3542
1.3606
1.375
1.3633
1.3539
1.3463
1.3458
1.3525
1.3489
1.3505
1.3342
1.3347
1.3239
1.332
1.3317
1.3446
1.3461
1.3391
1.3401
1.3402
1.3412
1.3341
1.3386
1.3187
1.3037
1.2983
1.3016
1.3046
1.2998
1.3082
1.3047
1.305
1.3044
1.3061
1.3071
1.2941
1.2961
1.2961
1.2934
1.305
1.2943
1.2789
1.2717
1.2765
1.2778
1.2707
1.2814
1.268
1.2667
1.2736
1.2863
1.2968
1.2931
1.3013
1.3036
1.3106
1.3109
1.322
1.3144
1.3084
1.3161
1.3144
1.3158
1.313
1.3261
1.326
1.3286
1.3197
1.3186
1.3134
1.3066
1.313
1.314
1.3243
1.3234
1.3249
1.3373
1.3448
1.3398
1.3458
1.3325
1.3311
1.3198
1.3217
1.3112
1.3149
1.3275
1.3123
1.3155
1.3084
1.3032
1.308
1.3175
1.3238
1.3225
1.3216
1.3201
1.327
1.3359
1.3313
1.3317
1.3302
1.3343
1.3321
1.3233
1.3142
1.3066
1.3096
1.3106
1.3082
1.311
1.3188
1.3078
1.3142
1.3127
1.3123
1.3138
1.3219
1.3156
1.3197
1.3217
1.3219
1.3255
1.3239
1.3237
1.3158
1.3152
1.3084
1.3051
1.3005
1.2929
1.2936
1.2917
1.2823
1.2729
1.2716
1.2698
1.278
1.2818
1.2684
1.2582
1.2532
1.2517
1.2541
1.2503
1.2367
1.2365
1.2434
1.2499
1.2452
1.2582
1.2561
1.2517
1.2482
1.2503
1.2557
1.2633
1.2638
1.2576
1.2685
1.2707
1.254
1.257
1.2504
1.2491
1.2468
1.2444
1.2667
1.2576
1.2608
1.2527
1.2392
1.2291
1.2313
1.225
1.2239
1.2203
1.2249
1.2273
1.2294
1.2284
1.2281
1.2157
1.2117
1.2061
1.2158
1.2283
1.2322
1.226
1.2304
1.2225
1.218
1.2387
1.2401
1.2399
1.2365
1.2306
1.2289
1.2332
1.2322
1.229
1.2356
1.2334
1.2346
1.2473
1.2529
1.2564
1.2512
1.2499
1.2565
1.253
1.2506
1.2579
1.2593
1.2566
1.2601
1.2631
1.2816
1.2758
1.2855
1.29
1.2991
1.313
1.3117
1.3048
1.3049
1.2968
1.298
1.2931
1.2899
1.2873
1.2913
1.286
1.2888
1.292
1.2905
1.3018
1.3045
1.2968
1.2885
1.2875
1.2928
1.2951
1.2949
1.3054
1.3119
1.3067
1.3024
1.306
1.2987
1.2974
1.2934
1.2938
1.2904
1.2959
1.296
1.2943
1.2835
1.2796
1.2814
1.2771
1.2747
1.2714
1.271
1.2704
1.2736
1.2781
1.2743
1.2814
1.2817
1.2829
1.2884
1.2976
1.2972
1.2943
1.2953
1.2979
1.2986
1.3054
1.3094
1.3068
1.297
1.2927
1.2941
1.3005
1.3074
1.3077
1.3163
1.3164
1.3229
1.3227
1.3244
1.3188
1.3185
1.3183
1.3224
1.3236
1.3216
1.3193
1.3204
1.3186
1.3049
1.3069
1.3117
1.3081
1.3064
1.3272
1.3343
1.3382
1.3306
1.3289
1.3376
1.3321
1.3313
1.3322
1.3318
1.3377
1.3464
1.3456
1.3492
1.3567
1.3579
1.364
1.3514
1.3583
1.3523
1.3398
1.3365
1.3406
1.3454
1.3452
1.3363
1.336
1.3351
1.3388
1.3283
1.319
1.3194
1.3063
1.3061
1.3139
1.3057
1.3022
1.3026
1.3052
1.2967
1.3107
1.3005
1.3046
1.3034
1.2961
1.3005
1.3076
1.2957
1.2882
1.2933
1.2899
1.2989
1.2853
1.2861
1.278
1.2816
1.2819
1.2849
1.282
1.285
1.2936
1.2991
1.3009
1.3083
1.307
1.3099
1.3113
1.3036
1.3177
1.3032
1.3051
1.3052
1.3066
1.2996
1.3015
1.3011
1.303
1.3099
1.3168
1.318
1.3065
1.3114
1.3076
1.3079
1.3153
1.3043
1.2989
1.2975
1.292
1.2887
1.2882
1.2839
1.2882
1.2906
1.2858
1.2934
1.2932
1.2931
1.2856
1.2941
1.305
1.2999
1.3076
1.3081
1.3093
1.3246
1.3218
1.3257
1.3313
1.3337
1.3375
1.3347
1.3367
1.3392
1.3295
1.322
1.3122
1.312
1.3077
1.3012
1.3038
1.301
1.3064
1.2979
1.3009
1.2914
1.2829
1.287
1.2781
1.2978
1.3097
1.3067
1.3062
1.3162
1.3125
1.3109
1.3143
1.3186
1.3223
1.3201
1.3277
1.3279
1.3262
1.3263
1.3302
1.3207
1.3276
1.3258
1.3305
1.3336
1.3381
1.3342
1.33
1.3263
1.3255
1.3347
1.3329
1.3335
1.3417
1.3355
1.3356
1.3383
1.3368
1.3393
1.334
1.3241
1.3222
1.3192
1.317
1.3207
1.312
1.3178
1.3255
1.3268
1.3311
1.3299
1.3294
1.3334
1.3359
1.3521
1.353
1.3524
1.3493
1.3474
1.3526
1.3489
1.3522
1.3527
1.3526
1.3579
1.3619
1.3558
1.3581
1.3573
1.3524
1.352
1.3544
1.3561
1.3524
1.3534
1.3675
1.3687
1.3681
1.3781
1.3776
1.3801
1.3802
1.3785
1.3745
1.3736
1.3584
1.3487
1.3514
1.3474
1.3513
1.3419
1.3367
1.3407
1.3436
1.3487
1.3461
1.3496
1.3506
1.3538
1.3439
1.3482
1.3558
1.3517
1.3572
1.3579
1.3606
1.3591
1.3542
1.3588
1.3593
1.3667
1.3706
1.3739
1.3761
1.3786
1.3753
1.3742
1.3761
1.3768
1.3685
1.3661
1.3673
1.3696
1.368
1.3681
1.3691
1.3749
1.3801
1.3743
1.3763
1.3672
1.3589
1.3629
1.3616
1.3576
1.3608
1.367
1.3671
1.3679
1.3605
1.362
1.3541
1.3552
1.3561
1.3547
1.3696
1.3678
1.3673
1.3671
1.3663
1.3555
1.3486
1.3525
1.3519
1.3533
1.359
1.3635
1.3646
1.3638
1.3593
1.3681
1.3693
1.3707
1.3759
1.3733
1.3719
1.3746
1.3735
1.3745
1.3687
1.371
1.3802
1.3735
1.3743
1.3733
1.3861
1.3875
1.3877
1.386
1.3903
1.3868
1.3914
1.3922
1.3934
1.3833
1.3779
1.3794
1.3839
1.3826
1.3781
1.374
1.3752
1.3769
1.3793
1.3767
1.372
1.3705
1.3742
1.3797
1.3855
1.3886
1.3885
1.3821
1.3815
1.3816
1.3814
1.3813
1.3793
1.3805
1.3817
1.3831
1.3834
1.3851
1.3812
1.3867
1.387
1.3869
1.3875
1.3928
1.391
1.384
1.3758
1.3757
1.3704
1.3715
1.371
1.3694
1.3709
1.3702
1.3687
1.3656
1.3629
1.3646
1.3635
1.3591
1.3602
1.3635
1.3597
1.3628
1.3599
1.366
1.3643
1.3594
1.3547
1.3532
1.3552
1.354
1.3574
1.3547
1.3595
1.3608
1.36
1.3605
1.3606
1.3629
1.3612
1.3649
1.3692
1.3679
1.366
1.361
1.3595
1.3605
1.3612
1.3642
1.3609
1.3608
1.3619
1.3568
1.3525
1.3526
1.3524
1.3524
1.3466
1.3464
1.3464
1.343
1.344
1.3409
1.3397
1.339
1.3427
1.3422
1.3376
1.3383
1.3364
1.341
1.3385
1.3369
1.3364
1.3365
1.3401
1.3364
1.332
1.3259
1.3281
1.3242
1.3192
1.3167
1.3193
1.3182
1.3132
1.3128
1.3133
1.315
1.2944
1.2951
1.2895
1.2937
1.2917
1.2925
1.2963
1.294
1.296
1.2865
1.2923
1.2829
1.2849
1.2847
1.278
1.2751
1.2684
1.2685
1.2631
1.2623
1.2669
1.2516
1.2655
1.2669
1.2734
1.2691
1.2628
1.2752
1.2658
1.2838
1.2809
1.2761
1.28
1.2716
1.2649
1.2646
1.2671
1.2698
1.2734
1.2632
1.2613
1.2525
1.2482
1.2546
1.2486
1.2375
1.2455
1.2421
1.2475
1.2438
1.2477
1.2525
1.245
1.2536
1.2554
1.2539
1.2391
1.2442
1.2474
1.2506
1.2467
1.2452
1.247
1.2383
1.2311
1.2379
1.2283
1.2317
1.2374
1.2448
1.2411
1.2462
1.2437
1.2511
1.2342
1.2286
1.2229
1.223
1.2172
1.2196
1.2225
1.2183
1.2152
1.2156
1.2098
1.2104
1.2002
1.1933
1.189
1.1839
1.1793
1.1842
1.1834
1.1773
1.1789
1.1633
1.1567
1.1606
1.155
1.161
1.1366
1.1204
1.1238
1.1381
1.1287
1.132
1.1291
1.1341
1.1481
1.1345
1.1477
1.1316
1.1325
1.1321
1.1336
1.1403
1.1394
1.1355
1.1411
1.1397
1.1368
1.1381
1.1335
1.134
1.1361
1.1198
1.1196
1.1184
1.1176
1.1078
1.103
1.0844
1.0852
1.0698
1.0547
1.0635
1.0496
1.0568
1.0597
1.0864
1.066
1.0821
1.0946
1.0924
1.097
1.0884
1.0889
1.0833
1.0731
1.0763
1.088
1.0969
1.0922
1.0814
1.0781
1.0659
1.0604
1.0567
1.0655
1.0684
1.0761
1.0806
1.0738
1.0736
1.0725
1.0824
1.0873
1.0891
1.0981
1.1128
1.1224
1.1199
1.1146
1.1185
1.1347
1.1267
1.1199
1.1155
1.1213
1.1354
1.141
1.1451
1.1315
1.115
1.1094
1.1112
1.1013
1.0978
1.0873
1.0904
1.0949
1.0986
1.0927
1.1151
1.1275
1.1238
1.1114
1.1291
1.1283
1.1324
1.1258
1.1266
1.1283
1.1248
1.1337
1.1359
1.1352
1.1341
1.1167
1.1205
1.1205
1.1167
1.1236
1.1147
1.1053
1.1084
1.1114
1.1056
1.1011
1.1077
1.1036
1.1162
1.1002
1.1009
1.095
1.0875
1.083
1.0825
1.0935
1.0929
1.0984
1.0984
1.1088
1.106
1.0984
1.0932
1.0984
1.095
1.0881
1.0906
1.0925
1.0967
1.1019
1.1042
1.1159
1.115
1.1109
1.1078
1.1024
1.112
1.1242
1.1386
1.1619
1.1517
1.1314
1.1246
1.1185
1.1211
1.1315
1.1227
1.1123
1.1149
1.117
1.1203
1.1207
1.128
1.1338
1.1317
1.1269
1.129
1.1435
1.1298
1.119
1.112
1.1186
1.123
1.1195
1.1244
1.1249
1.1177
1.1195
1.1216
1.1188
1.1272
1.1237
1.1276
1.1358
1.1358
1.1379
1.1474
1.1386
1.1348
1.1327
1.1346
1.1339
1.1109
1.1018
1.1058
1.1051
1.0923
1.0977
1.1006
1.1016
1.0964
1.0866
1.0884
1.0741
1.0752
1.0724
1.0743
1.0814
1.0773
1.0686
1.0642
1.066
1.0734
1.0646
1.0636
1.0643
1.0624
1.061
1.0593
1.0565
1.0633
1.0615
1.094
1.0881
1.0837
1.0892
1.1025
1.0941
1.0986
1.0992
1.0931
1.0912
1.0826
1.0868
1.0915
1.0957
1.0912
1.0963
1.096
1.0968
1.092
1.0933
1.0862
1.0856
1.0831
1.0748
1.0781
1.0932
1.0922
1.0859
1.0858
1.0877
1.0865
1.0916
1.0892
1.0908
1.089
1.0874
1.0796
1.0849
1.087
1.0893
1.094
1.0831
1.0888
1.0919
1.1105
1.1209
1.1158
1.1193
1.1293
1.1292
1.1323
1.1256
1.1156
1.1144
1.1128
1.1107
1.113
1.103
1.102
1.1013
1.1018
1.0934
1.0873
1.0868
1.0868
1.0957
1.1005
1.1014
1.1011
1.0999
1.1177
1.1156
1.1103
1.1109
1.1224
1.1318
1.127
1.1241
1.1217
1.1181
1.1174
1.1167
1.1196
1.1291
1.1338
1.138
1.1391
1.1391
1.1384
1.1399
1.1378
1.1399
1.1408
1.1386
1.1274
1.1268
1.1284
1.1313
1.1358
1.1297
1.1288
1.1222
1.1268
1.1297
1.1322
1.1352
1.1451
1.1534
1.1496
1.1487
1.1405
1.1404
1.1383
1.1372
1.1426
1.1377
1.1309
1.1321
1.1313
1.1216
1.1203
1.1224
1.122
1.1141
1.1155
1.1194
1.1115
1.1138
1.1132
1.1188
1.1151
1.1367
1.1355
1.1358
1.1395
1.1316
1.1251
1.1292
1.1207
1.126
1.1225
1.1277
1.1314
1.1242
1.1296
1.1385
1.1117
1.1025
1.1065
1.1125
1.1106
1.1136
1.1154
1.1076
1.11
1.1063
1.1051
1.1058
1.1061
1.109
1.112
1.1035
1.1075
1.1021
1.1015
1.1026
1.0977
1.0995
1.0986
1.1058
1.1077
1.1174
1.1163
1.1224
1.1149
1.113
1.1086
1.1088
1.1117
1.1176
1.1137
1.1162
1.1184
1.1279
1.1289
1.1354
1.1325
1.132
1.1305
1.1264
1.1285
1.1198
1.1189
1.1143
1.1158
1.1197
1.1156
1.1147
1.1255
1.1239
1.126
1.1233
1.1235
1.122
1.125
1.1244
1.1155
1.1175
1.1151
1.1189
1.1208
1.1226
1.1254
1.1215
1.1217
1.1222
1.1235
1.1211
1.1204
1.1205
1.1151
1.1201
1.1139
1.1054
1.1007
1.1056
1.0972
1.1
1.0981
1.0974
1.0929
1.0884
1.0882
1.0889
1.0908
1.0897
1.0985
1.0981
1.1055
1.1098
1.1105
1.1141
1.1041
1.1026
1.091
1.0893
1.0855
1.0737
1.0722
1.0691
1.0626
1.0588
1.063
1.0627
1.0553
1.0554
1.0589
1.0614
1.065
1.0589
1.0661
1.0664
1.0764
1.0718
1.0753
1.0615
1.0561
1.0635
1.0626
1.0536
1.0414
1.0451
1.0402
1.0388
1.0424
1.0437
1.0456
1.0455
1.0457
1.0413
1.049
1.0517
1.0455
1.0405
1.0489
1.0607
1.0532
1.0574
1.0554
1.0582
1.0613
1.0643
1.0601
1.0713
1.063
1.0664
1.0703
1.0765
1.0731
1.0748
1.0682
1.0699
1.0695
1.0798
1.0769
1.0759
1.0783
1.075
1.0683
1.0698
1.0655
1.0643
1.0598
1.0578
1.0601
1.0674
1.0616
1.0614
1.0536
1.0558
1.0582
1.0563
1.0587
1.0576
1.0547
1.0507
1.0622
1.0582
1.0566
1.0541
1.0577
1.0673
1.0653
1.0604
1.0734
1.0766
1.0738
1.0739
1.0811
1.0797
1.0783
1.0798
1.0864
1.0814
1.0766
1.0674
1.0652
1.067
1.0674
1.0663
1.0644
1.0591
1.0596
1.0605
1.0665
1.0613
1.0618
1.0643
1.073
1.0711
1.0717
1.0728
1.0868
1.0926
1.0904
1.0873
1.0895
1.0899
1.093
1.0886
1.0985
1.0998
1.0924
1.0874
1.0868
1.0861
1.0931
1.0975
1.1083
1.1159
1.1103
1.1206
1.1237
1.1183
1.1219
1.121
1.1183
1.1164
1.1186
1.1244
1.1213
1.1279
1.1254
1.1277
1.1257
1.1214
1.1195
1.1203
1.1211
1.1218
1.1145
1.1198
1.1149
1.1134
1.1168
1.1152
1.1194
1.1182
1.1339
1.1378
1.1441
1.1426
1.1364
1.1346
1.1352
1.1423
1.1401
1.1399
1.1467
1.1412
1.1398
1.147
1.1478
1.1554
1.1515
1.1631
1.1663
1.1642
1.1647
1.1734
1.1677
1.1751
1.1842
1.1802
1.1856
1.187
1.1773
1.1795
1.1752
1.1759
1.1772
1.1821
1.178
1.1735
1.1767
1.1723
1.1761
1.1815
1.1762
1.1807
1.1799
1.1924
1.1979
1.1972
1.1884
1.191
1.186
1.1896
1.1914
1.1917
1.2023
1.2036
1.1953
1.1967
1.1885
1.1919
1.1945
1.1954
1.1994
1.1892
1.1941
1.1951
1.1848
1.1793
1.1745
1.1786
1.1814
1.1733
1.1744
1.1759
1.1711
1.173
1.174
1.1808
1.1859
1.183
1.182
1.1796
1.1766
1.1787
1.1852
1.1784
1.1749
1.1761
1.1813
1.1651
1.1608
1.1651
1.1646
1.1619
1.1658
1.1608
1.161
1.1587
1.1595
1.1642
1.1665
1.1667
1.1798
1.1791
1.177
1.179
1.1733
1.1738
1.1822
1.1851
1.1933
1.1898
1.184
1.1847
1.1904
1.1896
1.1866
1.1826
1.1796
1.1773
1.1773
1.1769
1.1742
1.1826
1.1778
1.1749
1.1782
1.184
1.1871
1.1874
1.1862
1.187
1.1858
1.1888
1.1943
1.2005
1.2012
1.2059
1.2015
1.2068
1.2029
1.1967
1.1937
1.1948
1.2032
1.2202
1.2264
1.226
1.2186
1.2238
1.2222
1.2262
1.2299
1.2408
1.2396
1.2427
1.2383
1.2402
1.2414
1.251
1.2463
1.2367
1.2377
1.2264
1.2247
1.2252
1.2292
1.2352
1.2451
1.2506
1.2406
1.2407
1.2337
1.2284
1.233
1.2295
1.2317
1.2233
1.2194
1.2267
1.2317
1.2336
1.2404
1.2411
1.2312
1.2307
1.2334
1.239
1.2368
1.2305
1.229
1.2335
1.2242
1.2338
1.2302
1.2353
1.2444
1.2403
1.2308
1.23
1.2324
1.2302
1.227
1.2278
1.224
1.2281
1.2321
1.2356
1.2367
1.2327
1.2331
1.238
1.237
1.2374
1.2345
1.2288
1.2209
1.2233
1.2161
1.2103
1.213
1.2078
1.1993
1.1951
1.1976
